1 1 7.1 0 
1 1 7.1 0 
1 1 7.1 0 
1 1 7.1 0 
1 1 7.3 0 
1 1 7.3 0 
1 1 7.3 0 
1 1 7.3 0 
1 1 8.2 0 
1 1 8.2 0 
1 1 8.2 0 
1 1 8.3 0 
1 1 8.3 0 
1 1 8.3 0 
1 1 8.4 0 
1 1 8.4 0 
1 1 8.4 0 
1 1 10.2 0 
1 1 10.2 0 
1 1 7.1 0 
1 1 7.1 0 
1 1 7.3 0 
1 1 7.3 0 
1 1 8.2 0 
1 1 8.2 0 
1 1 8.3 0 
1 1 8.3 0 
1 1 8.4 0 
1 1 8.4 0 
1 1 10.2 0 
1 1 10.2 0 
1 1 10.2 0 
1 1 10.2 1 
2 1 7.4 0 
2 1 7.4 0 
2 1 7.4 0 
2 1 7.4 0 
2 1 7.5 0 
2 1 7.5 0 
2 1 7.5 0 
2 1 7.5 0 
2 1 11.2 0 
2 1 11.2 0 
2 1 11.3 0 
2 1 11.3 0 
2 1 7.4 0 
2 1 7.4 0 
2 1 7.5 0 
2 1 7.5 0 
2 1 11.2 0 
2 1 11.2 0 
2 1 11.2 0 
2 1 11.3 0 
2 1 11.3 0 
2 1 11.3 0 
2 1 11.2 1 
2 1 11.2 1 
2 1 11.3 1 
2 1 11.3 1 
3 1 8.1 0 
3 1 8.1 0 
3 1 8.1 0 
3 1 8.5 0 
3 1 8.5 0 
3 1 8.5 0 
3 1 9.1 0 
3 1 9.1 0 
3 1 9.1 0 
3 1 9.2 0 
3 1 9.2 0 
3 1 9.2 0 
3 1 8.1 0 
3 1 8.1 0 
3 1 8.5 0 
3 1 8.5 0 
3 1 9.1 0 
3 1 9.1 0 
3 1 9.1 0 
3 1 9.2 0 
3 1 9.2 0 
3 1 9.2 0 
4 1 11.5 0 
4 1 11.5 0 
4 1 11.5 0 
4 1 11.5 0 
4 1 11.5 0 
4 1 11.5 1 
4 1 11.5 1 
5 1 9.3 0 
5 1 9.3 0 
5 1 9.3 0 
5 1 9.4 0 
5 1 9.4 0 
5 1 9.4 0 
5 1 10.1 0 
5 1 10.1 0 
5 1 10.4 0 
5 1 10.4 0 
5 1 9.3 0 
5 1 9.3 0 
5 1 9.3 0 
5 1 9.4 0 
5 1 9.4 0 
5 1 9.4 0 
5 1 10.1 0 
5 1 10.1 0 
5 1 10.1 0 
5 1 10.4 0 
5 1 10.4 0 
5 1 10.4 0 
5 1 10.1 1 
5 1 10.4 1 
6 1 10.3 0 
6 1 10.3 0 
6 1 10.5 0 
6 1 10.5 0 
6 1 11.1 0 
6 1 11.1 0 
6 1 11.4 0 
6 1 11.4 0 
6 1 10.3 0 
6 1 10.3 0 
6 1 10.3 0 
6 1 10.5 0 
6 1 10.5 0 
6 1 10.5 0 
6 1 11.1 0 
6 1 11.1 0 
6 1 11.1 0 
6 1 11.4 0 
6 1 11.4 0 
6 1 11.4 0 
6 1 10.3 1 
6 1 10.5 1 
6 1 11.1 1 
6 1 11.1 1 
6 1 11.4 1 
6 1 11.4 1 
7 1 7.2 0 
7 1 7.2 0 
7 1 7.2 0 
7 1 7.2 0 
7 1 7.2 0 
7 1 7.2 0 
8 2 7.1 0 
8 2 7.1 0 
8 2 7.4 0 
8 2 7.4 0 
8 2 8.1 0 
8 2 8.1 0 
8 2 8.5 0 
8 2 8.5 0 
8 2 9.3 0 
8 2 9.3 0 
8 2 10.1 0 
8 2 10.1 0 
8 2 10.3 0 
8 2 10.3 0 
8 2 10.5 0 
8 2 10.5 0 
8 2 11.1 0 
8 2 11.1 0 
8 2 7.1 0 
8 2 7.4 0 
8 2 8.1 0 
8 2 8.5 0 
8 2 9.3 0 
9 2 7.3 0 
9 2 7.3 0 
9 2 7.5 0 
9 2 7.5 0 
9 2 8.3 0 
9 2 8.3 0 
9 2 8.4 0 
9 2 8.4 0 
9 2 9.4 0 
9 2 9.4 0 
9 2 11.4 0 
9 2 11.4 0 
9 2 11.5 0 
9 2 11.5 0 
9 2 7.3 0 
9 2 7.5 0 
9 2 8.3 0 
9 2 8.4 0 
9 2 9.4 0 
10 2 7.2 0 
10 2 7.2 0 
10 2 8.2 0 
10 2 8.2 0 
10 2 9.1 0 
10 2 9.1 0 
10 2 9.2 0 
10 2 9.2 0 
10 2 10.2 0 
10 2 10.2 0 
10 2 10.4 0 
10 2 10.4 0 
10 2 11.2 0 
10 2 11.2 0 
10 2 11.3 0 
10 2 11.3 0 
10 2 7.2 0 
10 2 8.2 0 
10 2 9.1 0 
10 2 9.2 0 
11 4 7.2 0 
11 4 7.2 0 
11 4 7.2 0 
11 4 7.5 0 
11 4 7.5 0 
11 4 7.5 0 
11 4 9.1 0 
11 4 9.1 0 
11 4 9.1 0 
11 4 10.1 0 
11 4 10.1 0 
11 4 10.1 0 
11 4 11.1 0 
11 4 11.1 0 
11 4 11.1 0 
11 4 11.5 0 
11 4 11.5 0 
11 4 11.5 0 
11 4 7.2 1 
11 4 7.2 1 
11 4 7.2 1 
11 4 7.5 1 
11 4 7.5 1 
11 4 7.5 1 
11 4 9.1 1 
11 4 9.1 1 
11 4 10.1 1 
11 4 11.5 1 
11 4 11.5 1 
11 4 11.5 1 
11 4 11.5 1 
12 4 8.3 0 
12 4 8.3 0 
12 4 8.3 0 
12 4 11.2 0 
12 4 11.2 0 
12 4 11.2 0 
12 4 11.4 0 
12 4 11.4 0 
12 4 11.4 0 
12 4 8.3 1 
12 4 8.3 1 
12 4 8.3 1 
13 4 7.4 0 
13 4 7.4 0 
13 4 7.4 0 
13 4 8.2 0 
13 4 8.2 0 
13 4 8.2 0 
13 4 8.5 0 
13 4 8.5 0 
13 4 8.5 0 
13 4 9.4 0 
13 4 9.4 0 
13 4 9.4 0 
13 4 11.3 0 
13 4 11.3 0 
13 4 11.3 0 
13 4 7.4 1 
13 4 7.4 1 
13 4 7.4 1 
13 4 8.2 1 
13 4 8.2 1 
13 4 8.2 1 
13 4 8.5 1 
13 4 8.5 1 
13 4 8.5 1 
13 4 9.4 1 
13 4 9.4 1 
14 4 7.1 0 
14 4 7.1 0 
14 4 7.1 0 
14 4 7.3 0 
14 4 7.3 0 
14 4 7.3 0 
14 4 9.3 0 
14 4 9.3 0 
14 4 9.3 0 
14 4 10.3 0 
14 4 10.3 0 
14 4 10.3 0 
14 4 10.5 0 
14 4 10.5 0 
14 4 10.5 0 
14 4 7.1 1 
14 4 7.1 1 
14 4 7.1 1 
14 4 7.3 1 
14 4 7.3 1 
14 4 7.3 1 
14 4 9.3 1 
14 4 9.3 1 
14 4 10.3 1 
14 4 10.5 1 
15 4 8.1 0 
15 4 8.1 0 
15 4 8.1 0 
15 4 8.4 0 
15 4 8.4 0 
15 4 8.4 0 
15 4 9.2 0 
15 4 9.2 0 
15 4 9.2 0 
15 4 10.2 0 
15 4 10.2 0 
15 4 10.2 0 
15 4 10.4 0 
15 4 10.4 0 
15 4 10.4 0 
15 4 8.1 1 
15 4 8.1 1 
15 4 8.1 1 
15 4 8.4 1 
15 4 8.4 1 
15 4 8.4 1 
15 4 9.2 1 
15 4 9.2 1 
15 4 10.2 1 
15 4 10.4 1 
16 5 8.3 0 
16 5 8.3 0 
16 5 8.3 0 
16 5 8.3 0 
16 5 8.4 0 
16 5 8.4 0 
16 5 8.4 0 
16 5 8.4 0 
16 5 11.5 0 
16 5 11.5 0 
16 5 11.5 0 
16 5 11.5 0 
16 5 11.5 0 
16 5 8.3 0 
16 5 8.3 0 
16 5 8.4 0 
16 5 8.4 0 
16 5 11.5 0 
16 5 11.5 0 
16 5 11.5 0 
16 5 8.3 0 
16 5 8.4 0 
16 5 11.5 0 
16 5 8.3 1 
16 5 8.4 1 
16 5 11.5 1 
16 5 11.5 1 
17 5 10.2 0 
17 5 10.2 0 
17 5 10.2 0 
17 5 10.2 0 
17 5 10.3 0 
17 5 10.3 0 
17 5 10.3 0 
17 5 10.3 0 
17 5 10.2 0 
17 5 10.2 0 
17 5 10.2 0 
17 5 10.3 0 
17 5 10.3 0 
17 5 10.3 0 
17 5 10.2 0 
17 5 10.3 0 
17 5 10.2 1 
17 5 10.2 1 
17 5 10.3 1 
17 5 10.3 1 
17 5 10.3 1 
18 5 10.4 0 
18 5 10.4 0 
18 5 10.4 0 
18 5 10.4 0 
18 5 10.5 0 
18 5 10.5 0 
18 5 10.5 0 
18 5 10.5 0 
18 5 11.1 0 
18 5 11.1 0 
18 5 11.1 0 
18 5 11.1 0 
18 5 11.1 0 
18 5 10.4 0 
18 5 10.4 0 
18 5 10.4 0 
18 5 10.5 0 
18 5 10.5 0 
18 5 10.5 0 
18 5 11.1 0 
18 5 11.1 0 
18 5 11.1 0 
18 5 10.4 0 
18 5 10.5 0 
18 5 11.1 0 
18 5 10.4 1 
18 5 10.4 1 
18 5 10.4 1 
18 5 10.5 1 
18 5 10.5 1 
18 5 10.5 1 
18 5 11.1 1 
18 5 11.1 1 
19 5 11.1 1 
19 5 11.1 1 
19 5 11.3 1 
19 5 11.3 1 
19 5 11.4 1 
19 5 11.4 1 
19 5 11.5 1 
19 5 11.5 1 
20 5 8.5 0 
20 5 8.5 0 
20 5 8.5 0 
20 5 8.5 0 
20 5 9.2 0 
20 5 9.2 0 
20 5 9.2 0 
20 5 9.3 0 
20 5 9.3 0 
20 5 9.3 0 
20 5 8.5 0 
20 5 8.5 0 
20 5 9.2 0 
20 5 9.2 0 
20 5 9.3 0 
20 5 9.3 0 
20 5 8.5 0 
20 5 9.2 0 
20 5 9.3 0 
20 5 8.5 1 
20 5 9.2 1 
20 5 9.2 1 
20 5 9.2 1 
20 5 9.3 1 
20 5 9.3 1 
20 5 9.3 1 
21 5 7.2 0 
21 5 7.2 0 
21 5 7.2 0 
21 5 7.2 0 
21 5 7.3 0 
21 5 7.3 0 
21 5 7.3 0 
21 5 7.3 0 
21 5 11.2 0 
21 5 11.2 0 
21 5 11.2 0 
21 5 11.2 0 
21 5 7.2 0 
21 5 7.2 0 
21 5 7.3 0 
21 5 7.3 0 
21 5 11.2 0 
21 5 11.2 0 
21 5 11.2 0 
21 5 7.2 0 
21 5 7.3 0 
21 5 11.2 0 
21 5 7.2 1 
21 5 7.3 1 
21 5 11.2 1 
21 5 11.2 1 
22 5 7.1 0 
22 5 7.1 0 
22 5 7.1 0 
22 5 7.1 0 
22 5 11.3 0 
22 5 11.3 0 
22 5 11.3 0 
22 5 11.3 0 
22 5 11.3 0 
22 5 11.4 0 
22 5 11.4 0 
22 5 11.4 0 
22 5 11.4 0 
22 5 11.4 0 
22 5 7.1 0 
22 5 7.1 0 
22 5 11.3 0 
22 5 11.3 0 
22 5 11.3 0 
22 5 11.4 0 
22 5 11.4 0 
22 5 11.4 0 
22 5 7.1 0 
22 5 11.3 0 
22 5 11.4 0 
22 5 7.1 1 
22 5 11.3 1 
22 5 11.3 1 
22 5 11.4 1 
22 5 11.4 1 
23 5 9.4 0 
23 5 9.4 0 
23 5 9.4 0 
23 5 10.1 0 
23 5 10.1 0 
23 5 10.1 0 
23 5 10.1 0 
23 5 9.4 0 
23 5 9.4 0 
23 5 10.1 0 
23 5 10.1 0 
23 5 10.1 0 
23 5 9.4 0 
23 5 10.1 0 
23 5 9.4 1 
23 5 9.4 1 
23 5 9.4 1 
23 5 10.1 1 
23 5 10.1 1 
23 5 10.1 1 
24 5 8.1 0 
24 5 8.1 0 
24 5 8.1 0 
24 5 8.1 0 
24 5 8.2 0 
24 5 8.2 0 
24 5 8.2 0 
24 5 8.2 0 
24 5 9.1 0 
24 5 9.1 0 
24 5 9.1 0 
24 5 8.1 0 
24 5 8.1 0 
24 5 8.2 0 
24 5 8.2 0 
24 5 9.1 0 
24 5 9.1 0 
24 5 8.1 0 
24 5 8.2 0 
24 5 9.1 0 
24 5 8.1 1 
24 5 8.1 1 
24 5 8.2 1 
24 5 8.2 1 
24 5 9.1 1 
24 5 9.1 1 
25 5 7.4 0 
25 5 7.4 0 
25 5 7.4 0 
25 5 7.4 0 
25 5 7.4 0 
25 5 7.4 0 
25 5 7.4 0 
25 5 7.4 1 
26 5 7.5 0 
26 5 7.5 0 
26 5 7.5 0 
26 5 7.5 0 
26 5 7.5 0 
26 5 7.5 0 
26 5 7.5 0 
26 5 7.5 1 
27 6 7.1 0 
27 6 7.1 0 
27 6 8.2 0 
27 6 8.2 0 
27 6 9.1 0 
27 6 7.1 1 
27 6 7.1 1 
27 6 8.2 1 
27 6 8.2 1 
27 6 9.1 1 
27 6 9.1 1 
27 6 9.1 1 
28 6 8.1 0 
28 6 8.1 0 
28 6 10.3 0 
28 6 10.3 0 
28 6 10.3 0 
28 6 10.3 0 
28 6 8.1 1 
28 6 8.1 1 
29 6 10.2 0 
29 7 8.1 1 
29 7 8.2 1 
29 7 8.3 1 
29 7 8.4 1 
29 7 10.4 1 
29 7 10.4 1 
29 7 10.5 1 
29 7 10.5 1 
30 6 9.2 0 
30 6 9.3 0 
30 6 9.4 0 
30 6 10.5 0 
30 6 10.5 0 
30 6 10.5 0 
30 6 10.5 0 
30 6 11.3 0 
30 6 11.3 0 
30 6 11.3 0 
30 6 11.3 0 
30 6 11.3 0 
30 6 11.4 0 
30 6 11.4 0 
30 6 11.4 0 
30 6 11.4 0 
30 6 11.4 0 
30 6 11.5 0 
30 6 11.5 0 
30 6 11.5 0 
30 6 11.5 0 
30 6 11.5 0 
30 6 9.2 1 
30 6 9.2 1 
30 6 9.3 1 
30 6 9.3 1 
30 6 9.4 1 
30 6 9.4 1 
30 6 11.4 1 
30 6 11.4 1 
30 6 11.5 1 
30 6 11.5 1 
30 6 8.5 1 
30 6 9.2 1 
30 6 9.3 1 
30 6 9.4 1 
31 6 8.3 0 
31 6 8.3 0 
31 6 8.4 0 
31 6 8.4 0 
31 6 8.5 0 
31 6 8.5 0 
31 6 10.1 0 
31 6 10.1 0 
31 6 10.1 0 
31 6 10.1 0 
31 6 10.4 0 
31 6 10.4 0 
31 6 10.4 0 
31 6 10.4 0 
31 6 11.1 0 
31 6 11.1 0 
31 6 11.1 0 
31 6 11.1 0 
31 6 11.1 0 
31 6 8.3 1 
31 6 8.3 1 
31 6 8.4 1 
31 6 8.4 1 
31 6 8.5 1 
31 6 8.5 1 
31 6 11.1 1 
31 6 11.1 1 
31 6 11.3 1 
31 6 11.3 1 
33 6 7.2 0 
33 6 7.2 0 
33 6 7.3 0 
33 6 7.3 0 
34 6 7.4 0 
34 6 7.4 0 
34 6 7.5 0 
34 6 7.5 0 
35 9 7.1 0 
35 9 7.1 0 
35 9 7.2 0 
35 9 7.2 0 
35 9 7.3 0 
35 9 7.3 0 
35 9 7.4 0 
35 9 7.4 0 
35 9 8.4 0 
35 9 8.4 0 
35 9 10.1 0 
35 9 10.1 0 
35 9 10.2 0 
35 9 10.2 0 
35 9 10.3 0 
35 9 10.3 0 
35 9 10.4 0 
35 9 10.4 0 
35 10 7.1 0 
35 10 7.2 0 
35 10 7.3 0 
35 10 7.4 0 
35 10 8.4 0 
35 10 10.1 0 
35 10 10.1 0 
35 10 10.2 0 
35 10 10.2 0 
35 10 10.4 0 
35 10 10.4 0 
36 9 7.5 0 
36 9 7.5 0 
36 9 10.5 0 
36 9 10.5 0 
36 9 11.1 0 
36 9 11.1 0 
36 9 11.2 0 
36 9 11.2 0 
36 9 11.3 0 
36 9 11.3 0 
36 9 11.4 0 
36 9 11.4 0 
36 9 11.5 0 
36 9 11.5 0 
36 10 7.5 0 
36 10 10.5 0 
36 10 10.5 0 
36 10 11.1 0 
36 10 11.1 0 
36 10 11.2 0 
36 10 11.2 0 
36 10 11.3 0 
36 10 11.3 0 
36 10 11.4 0 
36 10 11.4 0 
36 10 11.5 0 
36 10 11.5 0 
37 9 8.1 0 
37 9 8.1 0 
37 9 8.2 0 
37 9 8.2 0 
37 9 8.3 0 
37 9 8.3 0 
37 9 8.5 0 
37 9 8.5 0 
37 9 9.1 0 
37 9 9.1 0 
37 9 9.2 0 
37 9 9.2 0 
37 9 9.3 0 
37 9 9.3 0 
37 9 9.4 0 
37 9 9.4 0 
37 10 8.1 0 
37 10 8.2 0 
37 10 8.3 0 
37 10 8.5 0 
37 10 9.1 0 
37 10 9.2 0 
37 10 9.3 0 
37 10 9.4 0 
38 9 10.3 0 
38 9 10.3 0 
39 11 7.1 0 
39 11 7.1 0 
39 11 7.2 0 
39 11 7.2 0 
39 11 7.3 0 
39 11 7.3 0 
39 11 7.4 0 
39 11 7.4 0 
39 11 7.5 0 
39 11 7.5 0 
39 11 8.1 0 
39 11 8.1 0 
39 11 8.2 0 
39 11 8.2 0 
39 11 8.3 0 
39 11 8.3 0 
39 11 8.4 0 
39 11 8.4 0 
39 11 8.5 0 
39 11 8.5 0 
39 11 11.2 0 
39 11 11.3 0 
39 11 11.4 0 
39 11 11.5 0 
40 11 9.1 0 
40 11 9.1 0 
40 11 9.2 0 
40 11 9.2 0 
40 11 9.3 0 
40 11 9.3 0 
40 11 9.4 0 
40 11 9.4 0 
41 11 10.1 0 
41 11 10.2 0 
41 11 10.3 0 
41 11 10.4 0 
41 11 10.5 0 
41 11 11.1 0 
42 12 10.1 0 
42 12 10.1 0 
42 12 10.1 0 
42 12 10.1 0 
42 12 10.3 0 
42 12 10.3 0 
42 12 10.3 0 
42 12 10.3 0 
42 12 11.1 0 
42 12 11.1 0 
42 12 11.1 0 
42 12 11.1 0 
42 12 11.1 0 
42 12 11.4 0 
42 12 11.4 0 
42 12 11.4 0 
42 12 11.4 0 
42 12 11.4 0 
42 12 10.1 1 
42 12 10.1 1 
42 12 10.3 1 
42 12 10.3 1 
42 12 11.5 1 
42 12 11.5 1 
42 12 11.5 1 
42 12 11.5 1 
43 12 9.1 0 
43 12 9.1 0 
43 12 9.1 0 
43 12 10.2 0 
43 12 10.2 0 
43 12 10.4 0 
43 12 10.4 0 
43 12 10.4 0 
43 12 10.4 0 
43 12 11.2 0 
43 12 11.2 0 
43 12 11.3 0 
43 12 11.3 0 
43 12 11.3 0 
43 12 11.3 0 
43 12 11.3 0 
43 12 11.5 0 
43 12 11.5 0 
43 12 11.5 0 
43 12 11.5 0 
43 12 11.5 0 
43 12 9.1 1 
43 12 9.1 1 
43 12 10.4 1 
43 12 10.4 1 
44 12 7.1 0 
44 12 7.1 0 
44 12 7.2 0 
44 12 7.2 0 
44 12 7.3 0 
44 12 7.3 0 
44 12 7.1 1 
44 12 7.2 1 
44 12 7.3 1 
45 12 8.1 0 
45 12 8.1 0 
45 12 8.2 0 
45 12 8.2 0 
45 12 8.3 0 
45 12 8.3 0 
45 12 8.4 0 
45 12 8.4 0 
45 12 8.5 0 
45 12 8.5 0 
45 12 9.2 0 
45 12 9.2 0 
45 12 9.2 0 
45 12 8.1 1 
45 12 8.2 1 
45 12 8.4 1 
45 12 8.4 1 
45 12 9.2 1 
46 12 10.5 0 
46 12 10.5 0 
46 12 10.5 0 
46 12 10.5 0 
46 12 10.5 1 
46 12 10.5 1 
47 12 7.4 0 
47 12 7.4 0 
47 12 7.5 0 
47 12 7.5 0 
47 12 8.5 1 
47 12 8.5 1 
47 12 9.3 0 
47 12 9.3 0 
47 12 9.3 0 
47 12 9.4 0 
47 12 9.4 0 
47 12 9.4 0 
47 12 7.4 1 
47 12 7.5 1 
47 12 9.3 1 
47 12 9.4 1 
48 13 7.1 1 
48 13 7.2 1 
48 13 7.3 1 
48 13 7.4 1 
48 13 7.5 1 
48 13 9.1 0 
48 13 9.1 0 
48 13 9.2 0 
48 13 9.2 0 
48 13 9.3 0 
48 13 9.3 0 
48 13 9.4 0 
48 13 9.4 0 
48 13 11.2 0 
48 13 11.2 0 
48 13 11.2 0 
48 13 11.2 0 
48 13 11.2 0 
48 13 11.2 1 
48 13 11.2 1 
48 13 11.2 1 
48 13 11.2 1 
49 13 8.1 0 
49 13 8.1 0 
49 13 8.2 0 
49 13 8.2 0 
49 13 8.3 0 
49 13 8.3 0 
49 13 8.4 0 
49 13 8.4 0 
49 13 8.5 0 
49 13 8.5 0 
49 13 10.1 0 
49 13 10.2 0 
49 13 10.2 0 
49 13 10.2 0 
49 13 10.2 0 
49 13 10.3 0 
49 13 10.4 0 
49 13 10.5 0 
49 13 8.4 1 
49 13 8.4 1 
49 13 10.2 1 
49 13 10.2 1 
49 13 10.2 1 
50 14 7.1 0 
50 14 7.2 0 
50 14 7.3 0 
50 14 7.4 0 
50 14 7.5 0 
50 14 9.1 0 
50 14 9.1 0 
50 14 9.2 0 
50 14 9.2 0 
50 14 9.3 0 
50 14 9.3 0 
50 14 9.4 0 
50 14 9.4 0 
50 14 11.2 0 
50 14 11.2 0 
50 14 11.2 0 
50 14 11.2 0 
50 14 7.1 1 
50 14 7.2 1 
50 14 7.3 1 
50 14 7.4 1 
50 14 7.5 1 
50 14 11.2 1 
50 14 11.2 1 
50 14 11.2 1 
51 14 8.1 0 
51 14 8.1 0 
51 14 8.2 0 
51 14 8.2 0 
51 14 8.3 0 
51 14 8.3 0 
51 14 8.4 0 
51 14 8.4 0 
51 14 8.5 0 
51 14 8.5 0 
51 14 10.1 0 
51 14 10.2 0 
51 14 10.2 0 
51 14 10.2 0 
51 14 10.3 0 
51 14 10.4 0 
51 14 10.5 0 
51 14 10.2 1 
51 14 10.2 1 
52 15 7.1 0 
52 15 7.2 0 
52 15 7.3 0 
52 15 7.4 0 
52 15 7.5 0 
53 16 7.1 0 
53 16 7.2 0 
53 16 7.3 0 
53 16 7.4 0 
53 16 7.5 0 
53 16 8.1 0 
53 16 8.2 0 
53 16 8.3 0 
53 16 8.4 0 
53 16 8.5 0 
54 17 7.1 0 
54 17 7.1 0 
54 17 7.2 0 
54 17 7.2 0 
54 17 7.3 0 
54 17 7.3 0 
54 17 7.4 0 
54 17 7.4 0 
54 17 8.1 0 
54 17 8.2 0 
54 17 8.3 0 
54 17 8.4 0 
54 17 8.5 0 
54 17 9.1 0 
54 17 9.2 0 
54 17 9.3 0 
54 17 9.4 0 
55 17 7.5 0 
55 17 7.5 0 
56 18 10.1 1 
56 18 10.2 1 
56 18 10.3 1 
56 18 10.4 1 
56 18 10.5 1 
57 19 8.1 0 
57 19 8.2 0 
57 19 8.3 0 
57 19 8.4 0 
57 19 8.5 0 
57 19 10.1 0 
57 19 10.2 0 
57 19 10.3 0 
57 19 10.4 0 
58 19 9.1 0 
58 19 9.2 0 
58 19 9.3 0 
58 19 9.4 0 
58 19 10.5 0 
58 19 11.1 0 
58 19 11.2 0 
58 19 11.3 0 
58 19 11.4 0 
58 19 11.5 0 
59 20 8.2 0 
59 20 8.2 0 
59 20 10.4 0 
59 20 10.4 0 
59 20 10.5 0 
59 20 10.5 0 
59 20 8.2 1 
59 20 10.4 1 
59 20 10.5 1 
60 20 7.2 0 
60 20 7.2 0 
60 20 7.4 0 
60 20 7.4 0 
60 20 7.5 0 
60 20 7.5 0 
60 20 8.3 0 
60 20 8.3 0 
60 20 8.5 0 
60 20 8.5 0 
60 20 9.1 0 
60 20 9.1 0 
60 20 9.4 0 
60 20 9.4 0 
60 20 10.2 0 
60 20 10.2 0 
60 20 10.3 0 
60 20 10.3 0 
60 20 11.1 0 
60 20 11.1 0 
60 20 11.5 0 
60 20 11.5 0 
60 20 7.2 1 
60 20 7.4 1 
60 20 7.5 1 
60 20 8.3 1 
60 20 8.5 1 
60 20 9.1 1 
60 20 9.4 1 
60 20 10.2 1 
60 20 10.3 1 
61 20 7.1 0 
61 20 7.1 0 
61 20 7.3 0 
61 20 7.3 0 
61 20 8.1 0 
61 20 8.1 0 
61 20 8.4 0 
61 20 8.4 0 
61 20 9.2 0 
61 20 9.2 0 
61 20 9.3 0 
61 20 9.3 0 
61 20 10.1 0 
61 20 10.1 0 
61 20 11.2 0 
61 20 11.2 0 
61 20 11.3 0 
61 20 11.3 0 
61 20 11.4 0 
61 20 11.4 0 
61 20 7.1 1 
61 20 7.3 1 
61 20 8.1 1 
61 20 8.4 1 
61 20 9.2 1 
61 20 9.3 1 
61 20 10.1 1 
