2 8 9 2 0
2 8 9 2 0
2 8 9 3 0
2 11 14 4 0
2 11 14 4 0
2 11 14 4 0
2 11 14 4 0
2 11 14 4 0
2 11 14 4 0
1 54 17 0
1 54 17 0
2 60 61 20 0
2 60 61 20 0
2 60 61 20 0
1 1 1 0
1 1 1 0
1 1 1 0
1 1 1 0
1 1 1 0
1 1 1 0
1 22 5 0
1 22 5 0
1 22 5 0
1 22 5 0
1 22 5 0
1 22 5 0
1 22 5 0
1 22 5 1
1 27 6 0
1 27 6 0
1 27 6 1
1 27 6 1
1 35 9 0
1 35 9 0
1 35 10 0
1 39 11 0
1 39 11 0
1 44 12 0
1 44 12 0
1 44 12 1
1 48 13 1
1 50 14 0
1 50 14 1
1 52 15 0
1 53 16 0
0 -1 0
0 -1 0
0 -1 0
0 -1 0
0 -1 0
0 -1 0
0 -1 0
0 -1 0
0 -1 0
2 9 10 2 0
2 9 10 2 0
2 9 10 3 0
2 11 14 4 0
2 11 14 4 0
2 11 14 4 0
2 11 14 4 0
2 11 14 4 0
2 11 14 4 0
1 54 17 0
1 54 17 0
2 60 61 20 0
2 60 61 20 0
2 60 61 20 0
1 7 1 0
1 7 1 0
1 7 1 0
1 7 1 0
1 7 1 0
1 7 1 0
1 21 5 0
1 21 5 0
1 21 5 0
1 21 5 0
1 21 5 0
1 21 5 0
1 21 5 0
1 21 5 1
1 33 6 0
1 33 6 0
1 35 9 0
1 35 9 0
1 35 10 0
1 39 11 0
1 39 11 0
1 44 12 0
1 44 12 0
1 44 12 1
1 48 13 1
1 50 14 0
1 50 14 1
1 52 15 0
1 53 16 0
0 -1 0
0 -1 0
0 -1 0
0 -1 0
0 -1 0
0 -1 0
0 -1 0
0 -1 0
0 -1 0
0 -1 0
0 -1 0
2 9 10 2 0
2 9 10 2 0
2 9 10 3 0
3 11 13 14 4 0
3 11 13 14 4 0
3 11 13 14 4 0
3 11 13 14 4 0
3 11 13 14 4 0
3 11 13 14 4 0
2 60 61 20 0
2 60 61 20 0
2 60 61 20 0
1 1 1 0
1 1 1 0
1 1 1 0
1 1 1 0
1 1 1 0
1 1 1 0
1 21 5 0
1 21 5 0
1 21 5 0
1 21 5 0
1 21 5 0
1 21 5 0
1 21 5 0
1 21 5 1
1 33 6 0
1 33 6 0
1 35 9 0
1 35 9 0
1 35 10 0
1 39 11 0
1 39 11 0
1 44 12 0
1 44 12 0
1 44 12 1
1 48 13 1
1 50 14 0
1 50 14 1
1 52 15 0
1 53 16 0
1 54 17 0
1 54 17 0
0 -1 0
0 -1 0
0 -1 0
0 -1 0
0 -1 0
0 -1 0
0 -1 0
0 -1 0
0 -1 0
0 -1 0
0 -1 0
2 8 9 2 0
2 8 9 2 0
2 8 9 3 0
3 11 13 14 4 0
3 11 13 14 4 0
3 11 13 14 4 0
3 11 13 14 4 0
3 11 13 14 4 0
3 11 13 14 4 0
2 60 61 20 0
2 60 61 20 0
2 60 61 20 0
1 2 1 0
1 2 1 0
1 2 1 0
1 2 1 0
1 2 1 0
1 2 1 0
1 25 5 0
1 25 5 0
1 25 5 0
1 25 5 0
1 25 5 0
1 25 5 0
1 25 5 0
1 25 5 1
1 34 6 0
1 34 6 0
1 35 9 0
1 35 9 0
1 35 10 0
1 39 11 0
1 39 11 0
1 47 12 0
1 47 12 0
1 47 12 1
1 48 13 1
1 50 14 0
1 50 14 1
1 52 15 0
1 53 16 0
1 54 17 0
1 54 17 0
0 -1 0
0 -1 0
0 -1 0
0 -1 0
0 -1 0
0 -1 0
0 -1 0
0 -1 0
0 -1 0
0 -1 0
0 -1 0
2 8 9 2 0
2 8 9 2 0
2 8 9 3 0
3 11 13 14 4 0
3 11 13 14 4 0
3 11 13 14 4 0
3 11 13 14 4 0
3 11 13 14 4 0
3 11 13 14 4 0
1 2 1 0
1 2 1 0
1 2 1 0
1 2 1 0
1 2 1 0
1 2 1 0
1 26 5 0
1 26 5 0
1 26 5 0
1 26 5 0
1 26 5 0
1 26 5 0
1 26 5 0
1 26 5 1
1 34 6 0
1 34 6 0
1 36 9 0
1 36 9 0
1 36 10 0
1 39 11 0
1 39 11 0
1 47 12 0
1 47 12 0
1 47 12 1
1 48 13 1
1 50 14 0
1 50 14 1
1 52 15 0
1 53 16 0
1 55 17 0
1 55 17 0
1 60 20 0
1 60 20 0
1 60 20 1
0 -1 0
0 -1 0
0 -1 0
0 -1 0
0 -1 0
0 -1 0
0 -1 0
0 -1 0
0 -1 0
0 -1 0
0 -1 0
2 13 15 4 0
3 8 9 10 2 0
3 8 9 10 2 0
3 8 9 10 3 0
2 13 15 4 0
2 13 15 4 0
2 13 15 4 0
2 13 15 4 0
2 13 15 4 0
1 24 5 0
1 24 5 0
1 24 5 0
1 24 5 0
1 24 5 0
1 24 5 0
1 24 5 0
1 24 5 0
1 24 5 0
2 27 28 6 0
2 27 28 6 0
2 27 28 6 0
2 27 28 6 0
2 60 61 20 0
2 60 61 20 0
2 60 61 20 0
1 3 1 0
1 3 1 0
1 3 1 0
1 3 1 0
1 3 1 0
1 29 7 1
1 37 9 0
1 37 9 0
1 37 10 0
1 39 11 0
1 39 11 0
1 45 12 0
1 45 12 0
1 45 12 1
1 49 13 0
1 49 13 0
1 51 14 0
1 51 14 0
1 53 16 0
1 54 17 0
1 57 19 0
0 -1 0
0 -1 0
0 -1 0
0 -1 0
0 -1 0
0 -1 0
0 -1 0
0 -1 0
2 13 15 4 0
3 8 9 10 2 0
3 8 9 10 2 0
3 8 9 10 3 0
2 13 15 4 0
2 13 15 4 0
2 13 15 4 0
2 13 15 4 0
2 13 15 4 0
1 24 5 0
1 24 5 0
1 24 5 0
1 24 5 0
1 24 5 0
1 24 5 0
1 24 5 0
1 24 5 0
1 24 5 0
2 27 28 6 0
2 27 28 6 0
2 27 28 6 0
2 27 28 6 0
1 1 1 0
1 1 1 0
1 1 1 0
1 1 1 0
1 1 1 0
1 29 7 1
1 37 9 0
1 37 9 0
1 37 10 0
1 39 11 0
1 39 11 0
1 45 12 0
1 45 12 0
1 45 12 1
1 49 13 0
1 49 13 0
1 51 14 0
1 51 14 0
1 53 16 0
1 54 17 0
1 57 19 0
1 59 20 0
1 59 20 0
1 59 20 1
0 -1 0
0 -1 0
0 -1 0
0 -1 0
0 -1 0
0 -1 0
0 -1 0
0 -1 0
1 49 13 1
3 8 9 10 2 0
3 8 9 10 2 0
3 8 9 10 3 0
3 12 13 15 4 0
3 12 13 15 4 0
3 12 13 15 4 0
3 12 13 15 4 0
3 12 13 15 4 0
3 12 13 15 4 0
1 1 1 0
1 1 1 0
1 1 1 0
1 1 1 0
1 1 1 0
1 16 5 0
1 16 5 0
1 16 5 0
1 16 5 0
1 16 5 0
1 16 5 0
1 16 5 0
2 60 61 20 0
2 60 61 20 0
2 60 61 20 0
1 16 5 1
1 29 7 1
1 31 6 0
1 31 6 0
1 31 6 1
1 31 6 1
1 37 9 0
1 37 9 0
1 37 10 0
1 39 11 0
1 39 11 0
1 45 12 0
1 45 12 0
1 49 13 0
1 49 13 0
1 51 14 0
1 51 14 0
1 53 16 0
1 54 17 0
1 57 19 0
0 -1 0
0 -1 0
0 -1 0
0 -1 0
0 -1 0
0 -1 0
0 -1 0
0 -1 0
0 -1 0
1 49 13 1
2 8 9 2 0
2 8 9 2 0
2 8 9 3 0
3 12 13 15 4 0
3 12 13 15 4 0
3 12 13 15 4 0
3 12 13 15 4 0
3 12 13 15 4 0
3 12 13 15 4 0
2 45 47 12 0
2 45 47 12 0
2 45 47 12 0
2 45 47 12 0
1 53 16 0
2 60 61 20 0
2 60 61 20 0
2 60 61 20 0
1 1 1 0
1 1 1 0
1 1 1 0
1 1 1 0
1 1 1 0
1 16 5 0
1 16 5 0
1 16 5 0
1 16 5 0
1 16 5 0
1 16 5 0
1 16 5 0
1 16 5 1
1 29 7 1
1 31 6 0
1 31 6 0
1 31 6 1
1 31 6 1
1 35 9 0
1 35 9 0
1 35 10 0
1 39 11 0
1 39 11 0
1 49 13 0
1 49 13 0
1 51 14 0
1 51 14 0
1 54 17 0
1 57 19 0
0 -1 0
0 -1 0
0 -1 0
0 -1 0
0 -1 0
0 -1 0
0 -1 0
1 49 13 1
2 8 9 2 0
2 8 9 2 0
2 8 9 3 0
3 12 13 15 4 0
3 12 13 15 4 0
3 12 13 15 4 0
3 12 13 15 4 0
3 12 13 15 4 0
3 12 13 15 4 0
2 45 47 12 0
2 45 47 12 0
2 45 47 12 0
2 45 47 12 0
1 53 16 0
2 60 61 20 0
2 60 61 20 0
2 60 61 20 0
1 3 1 0
1 3 1 0
1 3 1 0
1 3 1 0
1 3 1 0
1 20 5 0
1 20 5 0
1 20 5 0
1 20 5 0
1 20 5 0
1 20 5 0
1 20 5 0
1 20 5 1
1 30 6 1
1 31 6 0
1 31 6 0
1 31 6 1
1 31 6 1
1 37 9 0
1 37 9 0
1 37 10 0
1 39 11 0
1 39 11 0
1 49 13 0
1 49 13 0
1 51 14 0
1 51 14 0
1 54 17 0
1 57 19 0
0 -1 0
0 -1 0
0 -1 0
0 -1 0
0 -1 0
0 -1 0
0 -1 0
1 10 2 0
1 10 2 0
1 10 3 0
2 11 15 4 0
2 11 15 4 0
2 11 15 4 0
2 11 15 4 0
2 11 15 4 0
1 54 17 0
2 60 61 20 0
2 60 61 20 0
2 60 61 20 0
1 3 1 0
1 3 1 0
1 3 1 0
1 3 1 0
1 3 1 0
1 3 1 0
1 24 5 0
1 24 5 0
1 24 5 0
1 24 5 0
1 24 5 0
1 24 5 0
1 24 5 1
1 24 5 1
1 27 6 0
1 27 6 1
1 27 6 1
1 27 6 1
1 37 9 0
1 37 9 0
1 37 10 0
1 40 11 0
1 40 11 0
1 43 12 0
1 43 12 0
1 43 12 0
1 43 12 1
1 43 12 1
1 48 13 0
1 48 13 0
1 50 14 0
1 50 14 0
1 58 19 0
0 -1 0
0 -1 0
0 -1 0
0 -1 0
0 -1 0
0 -1 0
0 -1 0
0 -1 0
0 -1 0
1 10 2 0
1 10 2 0
1 10 3 0
2 11 15 4 0
2 11 15 4 0
2 11 15 4 0
2 11 15 4 0
2 11 15 4 0
1 54 17 0
2 60 61 20 0
2 60 61 20 0
2 60 61 20 0
1 3 1 0
1 3 1 0
1 3 1 0
1 3 1 0
1 3 1 0
1 3 1 0
1 20 5 0
1 20 5 0
1 20 5 0
1 20 5 0
1 20 5 0
1 20 5 0
1 20 5 1
1 20 5 1
1 20 5 1
1 30 6 0
1 30 6 1
1 30 6 1
1 30 6 1
1 37 9 0
1 37 9 0
1 37 10 0
1 40 11 0
1 40 11 0
1 45 12 0
1 45 12 0
1 45 12 0
1 45 12 1
1 48 13 0
1 48 13 0
1 50 14 0
1 50 14 0
1 58 19 0
0 -1 0
0 -1 0
0 -1 0
0 -1 0
0 -1 0
0 -1 0
0 -1 0
0 -1 0
0 -1 0
2 8 9 2 0
2 8 9 2 0
2 8 9 3 0
2 13 14 4 0
2 13 14 4 0
2 13 14 4 0
2 13 14 4 0
2 13 14 4 0
1 30 6 0
1 30 6 0
1 30 6 0
1 30 6 0
1 47 12 0
1 47 12 0
1 47 12 0
1 47 12 0
1 54 17 0
1 5 1 0
1 5 1 0
1 5 1 0
1 5 1 0
1 5 1 0
1 5 1 0
1 20 5 0
1 20 5 0
1 20 5 0
1 20 5 0
1 20 5 0
1 20 5 0
1 20 5 1
1 20 5 1
1 20 5 1
1 37 9 0
1 37 9 0
1 37 10 0
1 40 11 0
1 40 11 0
1 48 13 0
1 48 13 0
1 50 14 0
1 50 14 0
1 58 19 0
1 61 20 0
1 61 20 0
1 61 20 1
0 -1 0
0 -1 0
0 -1 0
0 -1 0
0 -1 0
0 -1 0
0 -1 0
0 -1 0
0 -1 0
2 8 9 2 0
2 8 9 2 0
2 8 9 3 0
2 13 14 4 0
2 13 14 4 0
2 13 14 4 0
2 13 14 4 0
2 13 14 4 0
1 30 6 0
1 30 6 0
1 30 6 0
1 30 6 0
1 47 12 0
1 47 12 0
1 47 12 0
1 47 12 0
1 54 17 0
1 5 1 0
1 5 1 0
1 5 1 0
1 5 1 0
1 5 1 0
1 5 1 0
1 23 5 0
1 23 5 0
1 23 5 0
1 23 5 0
1 23 5 0
1 23 5 0
1 23 5 1
1 23 5 1
1 23 5 1
1 37 9 0
1 37 9 0
1 37 10 0
1 40 11 0
1 40 11 0
1 48 13 0
1 48 13 0
1 50 14 0
1 50 14 0
1 58 19 0
1 60 20 0
1 60 20 0
1 60 20 1
0 -1 0
0 -1 0
0 -1 0
0 -1 0
0 -1 0
0 -1 0
0 -1 0
0 -1 0
0 -1 0
0 -1 0
0 -1 0
0 -1 0
0 -1 0
0 -1 0
0 -1 0
0 -1 0
0 -1 0
0 -1 0
0 -1 0
0 -1 0
0 -1 0
0 -1 0
0 -1 0
0 -1 0
0 -1 0
0 -1 0
0 -1 0
0 -1 0
0 -1 0
0 -1 0
0 -1 0
0 -1 0
0 -1 0
0 -1 0
0 -1 0
0 -1 0
0 -1 0
0 -1 0
0 -1 0
0 -1 0
0 -1 0
0 -1 0
0 -1 0
0 -1 0
0 -1 0
0 -1 0
0 -1 0
0 -1 0
0 -1 0
0 -1 0
0 -1 0
0 -1 0
0 -1 0
0 -1 0
0 -1 0
0 -1 0
0 -1 0
0 -1 0
0 -1 0
0 -1 0
0 -1 0
0 -1 0
0 -1 0
2 8 10 2 0
2 8 10 2 0
3 11 14 15 4 0
3 11 14 15 4 0
3 11 14 15 4 0
3 11 14 15 4 0
2 60 61 20 0
2 60 61 20 0
2 60 61 20 0
1 5 1 0
1 5 1 0
1 5 1 0
1 5 1 0
1 5 1 0
1 5 1 1
1 23 5 0
1 23 5 0
1 23 5 0
1 23 5 0
1 23 5 0
1 23 5 0
1 23 5 0
1 23 5 0
1 23 5 1
1 23 5 1
1 23 5 1
1 31 6 0
1 31 6 0
1 31 6 0
1 31 6 0
1 35 9 0
1 35 9 0
1 35 10 0
1 35 10 0
1 41 11 0
1 42 12 0
1 42 12 0
1 42 12 0
1 42 12 0
1 42 12 1
1 42 12 1
1 49 13 0
1 51 14 0
1 56 18 1
1 57 19 0
0 -1 0
0 -1 0
0 -1 0
0 -1 0
0 -1 0
0 -1 0
0 -1 0
0 -1 0
0 -1 0
2 8 10 2 0
2 8 10 2 0
3 11 14 15 4 0
3 11 14 15 4 0
3 11 14 15 4 0
3 11 14 15 4 0
2 59 60 20 0
2 59 60 20 0
2 59 60 20 0
1 1 1 0
1 1 1 0
1 1 1 0
1 1 1 0
1 1 1 0
1 1 1 1
1 17 5 0
1 17 5 0
1 17 5 0
1 17 5 0
1 17 5 0
1 17 5 0
1 17 5 0
1 17 5 0
1 17 5 1
1 17 5 1
1 29 6 0
1 35 9 0
1 35 9 0
1 35 10 0
1 35 10 0
1 41 11 0
1 43 12 0
1 43 12 0
1 49 13 0
1 49 13 0
1 49 13 0
1 49 13 0
1 49 13 1
1 49 13 1
1 49 13 1
1 51 14 0
1 51 14 0
1 51 14 0
1 51 14 1
1 51 14 1
1 56 18 1
1 57 19 0
0 -1 0
0 -1 0
0 -1 0
0 -1 0
0 -1 0
0 -1 0
0 -1 0
1 6 1 0
1 6 1 0
3 11 14 15 4 0
3 11 14 15 4 0
3 11 14 15 4 0
3 11 14 15 4 0
2 60 61 20 0
2 60 61 20 0
2 60 61 20 0
1 6 1 0
1 6 1 0
1 6 1 0
1 6 1 1
1 8 2 0
1 8 2 0
1 17 5 0
1 17 5 0
1 17 5 0
1 17 5 0
1 17 5 0
1 17 5 0
1 17 5 0
1 17 5 0
1 17 5 1
1 17 5 1
1 17 5 1
1 28 6 0
1 28 6 0
1 28 6 0
1 28 6 0
1 35 9 0
1 35 9 0
1 38 9 0
1 38 9 0
1 41 11 0
1 42 12 0
1 42 12 0
1 42 12 0
1 42 12 0
1 42 12 1
1 42 12 1
1 49 13 0
1 51 14 0
1 56 18 1
1 57 19 0
0 -1 0
0 -1 0
0 -1 0
0 -1 0
0 -1 0
0 -1 0
0 -1 0
0 -1 0
0 -1 0
2 8 10 2 0
2 8 10 2 0
2 14 15 4 0
2 14 15 4 0
2 14 15 4 0
2 14 15 4 0
2 59 60 20 0
2 59 60 20 0
2 59 60 20 0
1 5 1 0
1 5 1 0
1 5 1 0
1 5 1 0
1 5 1 0
1 5 1 1
1 18 5 0
1 18 5 0
1 18 5 0
1 18 5 0
1 18 5 0
1 18 5 0
1 18 5 0
1 18 5 0
1 18 5 1
1 18 5 1
1 18 5 1
1 29 7 1
1 29 7 1
1 31 6 0
1 31 6 0
1 31 6 0
1 31 6 0
1 35 9 0
1 35 9 0
1 35 10 0
1 35 10 0
1 41 11 0
1 43 12 0
1 43 12 0
1 43 12 0
1 43 12 0
1 43 12 1
1 43 12 1
1 49 13 0
1 51 14 0
1 56 18 1
1 57 19 0
0 -1 0
0 -1 0
0 -1 0
0 -1 0
0 -1 0
0 -1 0
0 -1 0
2 8 10 2 0
2 8 10 2 0
2 14 15 4 0
2 14 15 4 0
2 14 15 4 0
2 14 15 4 0
1 6 1 0
1 6 1 0
1 6 1 0
1 6 1 0
1 6 1 0
1 6 1 1
1 18 5 0
1 18 5 0
1 18 5 0
1 18 5 0
1 18 5 0
1 18 5 0
1 18 5 0
1 18 5 0
1 18 5 1
1 18 5 1
1 18 5 1
1 29 7 1
1 29 7 1
1 30 6 0
1 30 6 0
1 30 6 0
1 30 6 0
1 36 9 0
1 36 9 0
1 36 10 0
1 36 10 0
1 41 11 0
1 46 12 0
1 46 12 0
1 46 12 0
1 46 12 0
1 46 12 1
1 46 12 1
1 49 13 0
1 51 14 0
1 56 18 1
1 58 19 0
1 59 20 0
1 59 20 0
1 59 20 1
0 -1 0
0 -1 0
0 -1 0
0 -1 0
0 -1 0
0 -1 0
0 -1 0
1 6 1 0
1 6 1 0
1 6 1 0
1 6 1 0
1 6 1 0
1 6 1 1
1 6 1 1
1 18 5 0
1 18 5 0
1 18 5 0
1 19 5 0
1 19 5 0
1 19 5 0
1 19 5 0
1 19 5 0
1 19 5 0
1 19 5 0
1 19 5 0
1 19 5 0
1 18 5 0
1 18 5 0
1 18 5 0
1 18 5 0
1 18 5 0
1 18 5 0
1 18 5 1
1 18 5 1
2 30 31 6 0
2 30 31 6 0
2 30 31 6 0
2 30 31 6 0
2 30 31 6 0
2 30 31 6 0
2 30 31 6 0
2 60 61 20 0
2 60 61 20 0
0 -1 0
0 -1 0
0 -1 0
0 -1 0
0 -1 0
0 -1 0
0 -1 0
0 -1 0
0 -1 0
0 -1 0
0 -1 0
0 -1 0
0 -1 0
0 -1 0
0 -1 0
0 -1 0
0 -1 0
0 -1 0
1 2 1 0
1 2 1 0
1 2 1 0
1 2 1 0
1 2 1 0
1 2 1 0
1 2 1 0
1 21 5 0
1 21 5 0
1 21 5 0
1 19 5 0
1 19 5 0
1 19 5 0
1 19 5 0
1 19 5 0
1 19 5 0
1 19 5 0
1 19 5 0
1 19 5 0
1 21 5 0
1 21 5 0
1 21 5 0
1 21 5 0
1 21 5 0
1 21 5 1
1 21 5 1
0 -1 0
0 -1 0
0 -1 0
0 -1 0
0 -1 0
0 -1 0
0 -1 0
0 -1 0
2 60 61 20 0
2 60 61 20 0
0 -1 0
0 -1 0
0 -1 0
0 -1 0
0 -1 0
0 -1 0
0 -1 0
0 -1 0
0 -1 0
0 -1 0
0 -1 0
0 -1 0
0 -1 0
0 -1 0
0 -1 0
0 -1 0
0 -1 0
0 -1 0
1 2 1 0
1 2 1 0
1 2 1 0
1 2 1 0
1 2 1 0
1 2 1 0
1 2 1 0
1 22 5 0
1 22 5 0
1 22 5 0
1 19 5 0
1 19 5 0
1 19 5 0
1 19 5 0
1 19 5 0
1 19 5 0
1 19 5 0
1 19 5 0
1 19 5 0
1 22 5 0
1 22 5 0
1 22 5 0
1 22 5 0
1 22 5 0
1 22 5 0
1 22 5 0
1 22 5 0
2 30 31 6 0
2 30 31 6 0
2 30 31 6 0
2 30 31 6 0
2 30 31 6 0
2 30 31 6 0
2 30 31 6 0
2 60 61 20 0
2 60 61 20 0
0 -1 0
0 -1 0
0 -1 0
0 -1 0
0 -1 0
0 -1 0
0 -1 0
0 -1 0
0 -1 0
0 -1 0
0 -1 0
0 -1 0
0 -1 0
0 -1 0
0 -1 0
0 -1 0
0 -1 0
0 -1 0
1 6 1 0
1 6 1 0
1 6 1 0
1 6 1 0
1 6 1 0
1 6 1 1
1 6 1 1
1 22 5 0
1 22 5 0
1 22 5 0
1 19 5 0
1 19 5 0
1 19 5 0
1 19 5 0
1 19 5 0
1 19 5 0
1 19 5 0
1 19 5 0
1 19 5 0
1 22 5 0
1 22 5 0
1 22 5 0
1 22 5 0
1 22 5 0
1 22 5 0
1 22 5 0
1 22 5 0
2 30 31 6 0
2 30 31 6 0
2 30 31 6 0
2 30 31 6 0
2 30 31 6 0
2 30 31 6 0
2 30 31 6 0
2 60 61 20 0
2 60 61 20 0
0 -1 0
0 -1 0
0 -1 0
0 -1 0
0 -1 0
0 -1 0
0 -1 0
0 -1 0
0 -1 0
0 -1 0
0 -1 0
0 -1 0
0 -1 0
0 -1 0
0 -1 0
0 -1 0
0 -1 0
0 -1 0
1 4 1 0
1 4 1 0
1 4 1 0
1 4 1 0
1 4 1 0
1 4 1 1
1 4 1 1
1 16 5 0
1 16 5 0
1 16 5 0
1 19 5 0
1 19 5 0
1 19 5 0
1 19 5 0
1 19 5 0
1 19 5 0
1 19 5 0
1 19 5 0
1 19 5 0
1 16 5 0
1 16 5 0
1 16 5 0
1 16 5 0
1 16 5 0
1 16 5 0
1 16 5 1
1 16 5 1
2 30 31 6 0
2 30 31 6 0
2 30 31 6 0
2 30 31 6 0
2 30 31 6 0
2 30 31 6 0
2 30 31 6 0
2 60 61 20 0
2 60 61 20 0
0 -1 0
0 -1 0
0 -1 0
0 -1 0
0 -1 0
0 -1 0
0 -1 0
0 -1 0
0 -1 0
0 -1 0
0 -1 0
0 -1 0
0 -1 0
0 -1 0
0 -1 0
0 -1 0
0 -1 0
0 -1 0
